,Mar 04,Mar 05,Mar 06,Mar 07,Mar 08,Mar 09,Mar 10,Mar 11,Mar 12,Mar 13,Mar 14,Mar 15,Mar 16,Mar 17,Mar 18,Mar 19,Mar 20,Mar 21,Mar 22,Mar 23
Net Profit/Loss Before Extraordinary Items And Tax,1470.47,2184.49,2724.00,4129.00,5100.00,6714.00,7472.00,8821.00,11096.00,12274.00,14002.00,16798.00,12693.00,13818.00,16155.00,14702.00,15543.00,18048.00,21235.00,23268.00
Net CashFlow From Operating Activities,1633.97,1359.70,2237.00,3256.00,3816.00,5152.00,5876.00,4270.00,5955.00,6942.00,9148.00,7955.00,9578.00,10478.00,12475.00,13989.00,15572.00,19902.00,22096.00,19169.00
Net Cash Used In Investing Activities,-1332.01,-939.88,-392.00,-1065.00,-978.00,-195.00,-3314.00,3235.00,565.00,-2824.00,-2307.00,665.00,-1207.00,-13494.00,5684.00,-587.00,-116.00,-6309.00,-3150.00,821.00
Net Cash Used From Financing Activities,-94.48,-580.10,244.00,-316.00,-777.00,-2430.00,-1486.00,-3642.00,-2298.00,-3319.00,-3177.00,-4961.00,-6908.00,-6968.00,-20536.00,-14571.00,-17391.00,-9566.00,-24275.00,-25857.00
Foreign Exchange Gains / Losses,-6.59,3.96,7.00,-0.04,18.00,0.73,-68.00,5.00,60.00,45.00,34.00,-37.00,-9.00,-39.00,-6.00,-50.00,-54.00,23.00,-13.00,131.00
Adjustments On Amalgamation Merger Demerger Others,0.00,0.00,0.00,0.00,0.00,0.00,0.00,0.00,110.00,0.00,0.00,0.00,0.00,0.00,0.00,0.00,0.00,0.00,0.00,0.00
Net Inc/Dec In Cash And Cash Equivalents,200.89,-156.32,2096.00,1871.00,2079.00,2600.00,1008.00,3868.00,4392.00,844.00,3698.00,3622.00,1454.00,-10023.00,-2383.00,-1219.00,-1989.00,4050.00,-5342.00,-5736.00
Cash And Cash Equivalents Begin of Year,1638.51,1839.40,1683.00,3779.00,5610.00,7689.00,10289.00,11297.00,15165.00,19557.00,20402.00,24100.00,27722.00,29176.00,19153.00,16770.00,15551.00,13562.00,17612.00,12270.00
Cash And Cash Equivalents End Of Year,1839.40,1683.08,3779.00,5650.00,7689.00,10289.00,11297.00,15165.00,19557.00,20401.00,24100.00,27722.00,29176.00,19153.00,16770.00,15551.00,13562.00,17612.00,12270.00,6534.00
